nnod=21;
nelem = 4;
ntype=1;
nfunc=2;
type=2;
npe=8;
ndfn=3;
fi=0;
ncon=[ 1 3 11 9 2 7 10 6;
       3 5 13 11 4 8 12 7;
       11 13 21 19 12 16 20 15;
       9 11 19 17 10 15 18 14];
   
   xy=[0,0;
      1.25,0;
      2.5,0;
      3.75,0;
      5,0;
      0,1.25;
      2.5,1.25;
      5,1.25;
      0,2.5;
      1.25,2.5;
      2.5,2.5;
      3.75,2.5;
      5,2.5;
      0,3.75;
      2.5,3.75;
      5.0,3.75;
      0,5;
      1.25,5;
      2.5,5;
      3.75,5;
      5,5];
  
  x=xy(:,1);
y=xy(:,2);


nebc=27;
iebc=[2;3;6;9;12;15;13;17;22;24;26;37;39;41;46;48;49;50;52;53;55;56;58;59;61;62;63];
vebc=[0;0;0;0;0;0;0;0;0;0;0;0;0;0;0;0;0;0;0;0;0;0;0;0;0;0;0];

nnbc=0;
inbc=[0];
vnbc=[0];

E=1*10^7;  NU=0.25; h=0.1;


fc=1;
C=E/(1-NU^2)*[1,NU,0;NU,1,0;0,0,(1-NU)/2];   
K=5/6;
A=C(3,3)*h;
D=(E*h^3)/(12*(1-NU^2)); 
